# Resolution
N_ENERGY=8
N_XI=18
N_THETA=48
N_RADIAL=8
N_TOROIDAL=1
NONLINEAR_FLAG=0

BOX_SIZE=1
KY={{KY}}

DELTA_T=0.008
DELTA_T_METHOD=1
MAX_TIME=1000.0
PRINT_STEP=100

# Geometry (Miller)
RMIN=0.75
RMAJ=2.81228

EQUILIBRIUM_MODEL=2
IPCCW=+1.00000E+00
BTCCW=-1.00000E+00

SHIFT=-2.80303E-01
ZMAG=-1.36715E-02
DZMAG=-2.15481E-03
Q=2.16835
S=1.84671

# Experimental Shaping Values
KAPPA={{KAPPA}}
DELTA={{DELTA}}
ZETA={{ZETA}}
S_KAPPA={{1.25222*(KAPPA - 1.0)*0.150793/(0.25222*KAPPA)}}
S_DELTA={{DELTA * (-0.478602) / (-0.194997)}}
S_ZETA={{ZETA * (-0.309104) / (-0.0738064)}}

# Rotation (Sonic)
ROTATION_MODEL=1
GAMMA_E=2.38826E-02

# Collisions (Sugama)
COLLISION_MODEL=4
NU_EE=0.253294

N_FIELD=2
BETAE_UNIT=2.73206333E-04
BETA_STAR_SCALE=3.0

# Species
N_SPECIES=2

Z_1 =1
MASS_1 =1.0
DENS_1 =1.0
TEMP_1 =1.0
DLNNDR_1 =1.71366
DLNTDR_1 =2.45861

Z_2 =-1
MASS_2 =2.72444E-04
DENS_2 =1.0
TEMP_2 =1.0
DLNNDR_2 =1.71366
DLNTDR_2 =4.35769
