# Resolution
N_ENERGY=8
N_XI=18
N_THETA=24
N_RADIAL=8
N_TOROIDAL=1
NONLINEAR_FLAG=0

BOX_SIZE=1
KY={{KY}}

FREQ_TOL=0.001
DELTA_T_METHOD=1
DELTA_T=0.008
MAX_TIME=400.0
PRINT_STEP=100

# Geometry (Miller)
RMIN=0.90
RMAJ=2.74426

EQUILIBRIUM_MODEL=2
IPCCW=+1.00000E+00
BTCCW=-1.00000E+00

SHIFT=-1.33568E-01
ZMAG=+1.89634E-02
DZMAG=+2.62250E-02
Q=3.48045
S=2.74308
KAPPA={{KAPPA}}
DELTA={{DELTA}}
ZETA={{ZETA}}
S_KAPPA={{1.22565*(KAPPA - 1.0)*0.446025/(0.22565*KAPPA)}}
S_DELTA={{DELTA * 0.749182 / 0.280372}}
S_ZETA={{ZETA * -0.116605 / -0.0271644}}

# Rotation (Sonic)
ROTATION_MODEL=1
GAMMA_E=+3.84864E-02

# Collisions (Sugama)
COLLISION_MODEL=4
NU_EE=1.19601

N_FIELD=2
BETAE_UNIT=1.92043E-04
LAMBDA_STAR=3.78111E-02

# Species
N_SPECIES=3

Z_1 =1
MASS_1 =1.0
DENS_1 =0.920976
TEMP_1 =1.63666
DLNNDR_1 =2.01202
DLNTDR_1 =3.46261

Z_2 =6
MASS_2 =6.0
DENS_2 =1.31707E-02
TEMP_2 =1.63666
DLNNDR_2 =7.53969
DLNTDR_2 =3.46261

Z_3 =-1
MASS_3 =2.72444E-04
DENS_3 =1.0
TEMP_3 =1.0
DLNNDR_3 =2.44884
DLNTDR_3 =8.00643
