# Resolution
N_ENERGY=8
N_XI=18
N_THETA=24
N_RADIAL=8
N_TOROIDAL=1
NONLINEAR_FLAG=0

BOX_SIZE=1
KY={{KY}}

FREQ_TOL=0.001
DELTA_T_METHOD=1
DELTA_T=0.008
MAX_TIME=400.0
PRINT_STEP=100

# Geometry (Miller)
RMIN=0.90
RMAJ=2.76125

EQUILIBRIUM_MODEL=2
IPCCW=+1.00000E+00
BTCCW=-1.00000E+00

SHIFT=-4.06006E-01
ZMAG=-1.39567E-02
DZMAG=-8.67185E-04
Q=3.15600
S=2.39398
KAPPA={{KAPPA}}
DELTA={{DELTA}}
ZETA={{ZETA}}
S_KAPPA={{1.29299*(KAPPA - 1.0)*0.208121/(0.29299*KAPPA)}}
S_DELTA={{DELTA * -0.933363 / -0.316672}}
S_ZETA={{ZETA * -0.869857 / -0.168766}}

# Rotation (Sonic)
ROTATION_MODEL=1
GAMMA_E=6.43701E-02

# Collisions (Sugama)
COLLISION_MODEL=4
NU_EE=0.918911

N_FIELD=2
BETAE_UNIT=2.61602E-04
LAMBDA_STAR=3.46402E-02

# Species
N_SPECIES=3

Z_1 =1
MASS_1 =1.0
DENS_1 =9.52712E-01
TEMP_1 =1.40388
DLNNDR_1 =2.46705
DLNTDR_1 =4.68658

Z_2 =6
MASS_2 =6.0
DENS_2 =7.88131E-03
TEMP_2 =1.40388
DLNNDR_2 =10.7411
DLNTDR_2 =4.68658

Z_3 =-1
MASS_3 =2.72444E-04
DENS_3 =1.0
TEMP_3 =1.0
DLNNDR_3 =2.85831
DLNTDR_3 =7.53419
