MPI_RANK_ORDER=2

# Resolution
N_ENERGY=8
E_MAX=8.0
N_XI=16
N_THETA=24
N_RADIAL=8
N_TOROIDAL=1
NONLINEAR_FLAG=0

BOX_SIZE=1
KY={{KY}}

FREQ_TOL=3.0000E-03
DELTA_T_METHOD=1
DELTA_T=+2.000000E-02
MAX_TIME=+1.00000E+03
PRINT_STEP=100

# Geometry (Miller)
RMIN=+9.00000E-01
RMAJ=+2.79098E+00

EQUILIBRIUM_MODEL=2
IPCCW=+1.00000E+00
BTCCW=-1.00000E+00

SHIFT=-4.98773E-01
ZMAG=-7.36517E-03
DZMAG=-3.95563E-03
Q=+3.22387E+00
S=+2.29147E+00
KAPPA={{KAPPA}}
DELTA={{DELTA}}
ZETA={{ZETA}}
S_KAPPA={{0.05917775*(KAPPA - 1.0)*1.30860/(0.30860*KAPPA)}}
S_DELTA={{DELTA * 0.069654 / 0.267461}}
S_ZETA={{ZETA * 0.254208 / 0.0875397}}

# Rotation (Sonic)
ROTATION_MODEL=1
GAMMA_E=+1.15246E-01

# Collisions (Sugama)
COLLISION_MODEL=4
NU_EE=+1.02595E+00

N_FIELD=2
BETAE_UNIT=2.645675E-04
BETA_STAR_SCALE=2.0
LAMBDA_STAR=+2.62142E-02

# Species
N_SPECIES=3

Z_1 =1
MASS_1 =+1.00000E+00
DENS_1 =+6.00000E-01
TEMP_1 =+1.91702E+00
DLNNDR_1 =+2.42845E+00
DLNTDR_1 =+5.74134E+00
SDLNNDR_1 =-2.02769E-03
SDLNTDR_1 =+1.14674E-02

Z_2 =6
MASS_2 =+6.00000E+00
DENS_2 =+6.66667E-02
TEMP_2 =+1.91702E+00
DLNNDR_2 =+1.59511E+00
DLNTDR_2 =+5.74134E+00
SDLNNDR_2 =+1.44098E-03
SDLNTDR_2 =+1.14674E-02

Z_3 =-1
MASS_3 =+2.72444E-04
DENS_3 =+1.00000E+00
TEMP_3 =+1.00000E+00
DLNNDR_3 =+2.09512E+00
DLNTDR_3 =+7.62059E+00
SDLNNDR_3 =-2.32019E-03
SDLNTDR_3 =+4.57509E-04
